frame_id,p0_nose,p0_left_eye,p0_right_eye,p0_left_ear,p0_right_ear,p0_left_shoulder,p0_right_shoulder,p0_left_elbow,p0_right_elbow,p0_left_wrist,p0_right_wrist,p0_left_hip,p0_right_hip,p0_left_knee,p0_right_knee,p0_left_ankle,p0_right_ankle,p1_nose,p1_left_eye,p1_right_eye,p1_left_ear,p1_right_ear,p1_left_shoulder,p1_right_shoulder,p1_left_elbow,p1_right_elbow,p1_left_wrist,p1_right_wrist,p1_left_hip,p1_right_hip,p1_left_knee,p1_right_knee,p1_left_ankle,p1_right_ankle,p0_average,p1_average
1,1.359908954826709,1.6397986790516001,2.187165780391563,0.8093312191410246,0.5397407484820862,0.8510775463531763,1.4687033514118704,2.632973106693136,1.3304931775336724,1.4497982823113438,1.363355936843732,2.6250896054615005,2.607812365257429,0.439072788744142,3.2636516332591645,0.7164755329609315,2.0053618614670663,0.0,0.0,0.0,0.0,0.0,0.0,0.0,0.0,0.0,0.0,0.0,0.0,0.0,0.0,0.0,0.0,0.0,1.6052829747170676,0.0
2,4.2813274396690435,5.168916357247092,6.328250789003815,4.214874001934733,3.3601336245082303,6.390339666852517,4.271680188047355,2.2186034365074967,5.319227870762963,3.2455791457991725,1.1816895248210042,1.3905496189261655,1.5079343232086937,3.4138782613341583,2.1944428453963316,114.3935136747781,1.0816566322524321,0.0,0.0,0.0,0.0,0.0,0.0,0.0,0.0,0.0,0.0,0.0,0.0,0.0,0.0,0.0,0.0,0.0,9.997799847120547,0.0
3,4.683746769879712,4.633493946699924,5.6339674454001125,17.415724352348835,6.670626267214348,3.8355090420729954,4.641566414086009,4.821819721838472,5.978405082052819,5.751503905426934,4.050915696649812,32.1599059502387,4.664091832612692,6.7539832307181635,4.841998969749601,12.803853010094976,1.8962460213041599,0.0,0.0,0.0,0.0,0.0,0.0,0.0,0.0,0.0,0.0,0.0,0.0,0.0,0.0,0.0,0.0,0.0,7.719844568140487,0.0
4,4.346002055539281,3.154287513301601,3.8760949222869026,4.0952454511643825,5.261290708786687,7.369126630912478,6.155576849631727,3.961568420393741,4.932001699930209,3.062350414385313,4.079466268494405,42.90093558704301,7.144682351944846,3.212382893786827,2.9450902026255346,3.954821627034933,9.035359476454058,0.0,0.0,0.0,0.0,0.0,0.0,0.0,0.0,0.0,0.0,0.0,0.0,0.0,0.0,0.0,0.0,0.0,7.028604886689173,0.0
5,4.0997815893987495,4.8924275519039675,4.893424180563324,4.165237819542781,4.960503465333508,4.008923732440713,3.875541603016661,3.263653151820063,5.1974953805284585,4.140256676262969,6.401066572808333,24.98264127055624,3.1210026568465494,3.4463309996607867,11.104281408154463,6.152289209541563,4.391389609584092,0.0,0.0,0.0,0.0,0.0,0.0,0.0,0.0,0.0,0.0,0.0,0.0,0.0,0.0,0.0,0.0,0.0,6.064485110468425,0.0
6,4.13729614636028,5.869866230001634,6.35143994650392,5.290996481450733,4.331294955370185,2.555210900505585,4.323457886252646,6.20845779983095,5.763489165507711,203.42485509748207,4.897910314677719,33.18229692265717,3.313242043775018,107.7403302463791,2.2079308206209673,1.7842781907379668,5.641231994380476,0.0,0.0,0.0,0.0,0.0,0.0,0.0,0.0,0.0,0.0,0.0,0.0,0.0,0.0,0.0,0.0,0.0,23.94256383191142,0.0
7,4.502214946840619,3.455267102347256,2.5564270433018947,2.787371243880913,3.5463050893028645,2.5367069586906266,4.512423106374932,2.6823116452505924,3.6509582324183403,3.9458044076241303,3.031415871078807,35.42116976072336,1.015868106617822,7.588143640497511,0.9671181369273049,9.573969514384872,1.7535168654699447,0.0,0.0,0.0,0.0,0.0,0.0,0.0,0.0,0.0,0.0,0.0,0.0,0.0,0.0,0.0,0.0,0.0,5.501587745395987,0.0
8,3.5127567744508745,5.08780771883982,3.5135859064905324,2.8829707121094863,3.8799487932905756,2.8011615860208394,2.9342483030442374,2.7406553138868643,6.286433836583182,4.497210460315977,5.406130690706052,2.7223849578753523,2.8788758364682616,3.703839012431228,2.7223849578753523,3.7072262478103233,2.838594256624409,0.0,0.0,0.0,0.0,0.0,0.0,0.0,0.0,0.0,0.0,0.0,0.0,0.0,0.0,0.0,0.0,0.0,3.653895021460198,0.0
9,4.372319939477997,5.226318829490709,3.8439808139043055,4.553242947920565,2.5394501848618956,2.7237276205004584,2.954073719650081,0.6625262340999196,2.775570759281458,4.12406083076944,3.153477666645133,1.3438493393591964,8.280489171617099,1.6430492513990005,7.6410645626713345,0.43206245482555716,4.120397043827729,0.0,0.0,0.0,0.0,0.0,0.0,0.0,0.0,0.0,0.0,0.0,0.0,0.0,0.0,0.0,0.0,0.0,3.552333021782463,0.0
10,0.8409307232360073,3.0056799345277847,1.7132383750033708,1.571897945298201,1.642296972849404,2.443112857204568,1.7558501421565789,1.4019400552217292,2.5349728817099564,2.6533234820962983,1.4902316803676596,3.3490057623816103,6.366032594905818,1.399219310014188,2.3793842401885965,2.3876310956155535,0.49727949343555805,0.0,0.0,0.0,0.0,0.0,0.0,0.0,0.0,0.0,0.0,0.0,0.0,0.0,0.0,0.0,0.0,0.0,2.2018839733066398,0.0
11,1.806492261529638,1.1914655944484316,2.6402091277437694,2.3436759222388917,0.42196799652046835,1.7428412541917095,5.398783814305186,3.301092301227976,4.160680470324266,3.4009583797414726,4.334373848067031,3.2896674590485224,1.4092209540456002,2.30697399396708,4.726083440365945,1.3249759009271045,11.578754393133599,0.0,0.0,0.0,0.0,0.0,0.0,0.0,0.0,0.0,0.0,0.0,0.0,0.0,0.0,0.0,0.0,0.0,3.257542183048629,0.0
12,1.5580383034213157,2.070757383736994,0.6649843901023006,0.8055165017345618,1.644509287169898,1.9420704962718638,0.6152533399595591,2.0002165293484366,0.6601879174703824,0.4425761099086224,1.6581601474582024,2.0415809553967184,0.8837319742911993,1.123720207610747,2.0415809553967184,2.007729478554919,12.007425469638005,0.0,0.0,0.0,0.0,0.0,0.0,0.0,0.0,0.0,0.0,0.0,0.0,0.0,0.0,0.0,0.0,0.0,2.009884673380615,0.0
13,2.4091689535662644,2.930315353867286,0.9502417673654481,0.7959482849124045,1.32866264833441,1.3158494935063576,1.4366289570231283,1.854678042355754,3.4743388205250567,1.7652798485137777,2.068302423764869,1.8764640645932067,2.0892167062563427,1.9002026341687666,7.182498001290348,1.902280558055905,6.97408200257495,0.0,0.0,0.0,0.0,0.0,0.0,0.0,0.0,0.0,0.0,0.0,0.0,0.0,0.0,0.0,0.0,0.0,2.485538738863193,0.0
14,0.4889694723936246,1.1214872495024546,2.0663531025364295,1.5871425658734741,1.5330360950500865,0.6542978518037479,1.9934426381792174,1.6784126612862953,1.7180738750220181,1.2059370637014897,1.6493371703807134,1.6996323264143853,2.5159549302878794,0.6890941644938411,6.302295084330177,0.6871903779593872,1.0384687712110114,0.0,0.0,0.0,0.0,0.0,0.0,0.0,0.0,0.0,0.0,0.0,0.0,0.0,0.0,0.0,0.0,0.0,1.6840662000250726,0.0
15,1.8999638429221013,2.164491095646156,1.29697962392405,0.7691579597273281,0.7589068869404032,1.4980338544952714,1.7311109038642833,5.082191999352054,2.436137518010014,0.4060705791262071,0.7338029526289244,44.4437846509244,7.313321371242742,5.082158761313279,8.832698119260911,5.549257739681485,3.5744451689855685,0.0,0.0,0.0,0.0,0.0,0.0,0.0,0.0,0.0,0.0,0.0,0.0,0.0,0.0,0.0,0.0,0.0,5.504265472237951,0.0
16,2.120815065227627,0.34690528408329735,1.345678585245541,2.1521368609345624,2.1335717059567068,1.1418151179498053,0.3765961298131798,6.718492587160399,1.083044183191735,1.6450683629706333,1.0189041502444323,42.303532259234395,8.731610735854806,6.479075817191678,8.046419340451724,6.451261503848018,1.2274248288187546,0.0,0.0,0.0,0.0,0.0,0.0,0.0,0.0,0.0,0.0,0.0,0.0,0.0,0.0,0.0,0.0,0.0,5.489550148128076,0.0
17,0.8848094108635859,3.1226466386818084,3.1196646937220605,0.9713717011468886,0.7220188055574365,1.5785405457759245,1.9772517752070025,1.154904984679756,2.433858563955928,0.7355174173087907,1.787473779536885,2.332922353121517,3.076067001772769,2.3198418314510723,2.332922353121517,1.5372675664530122,11.51171911587988,0.0,0.0,0.0,0.0,0.0,0.0,0.0,0.0,0.0,0.0,0.0,0.0,0.0,0.0,0.0,0.0,0.0,2.44698814930799,0.0
18,1.2802963964259024,2.1077018221293984,0.8144723154684158,1.9442807491174463,1.7588268883062028,1.782700301936852,2.0028987979901647,3.490188730526911,2.354304608240476,0.8946726330499438,1.2805075443227452,4.8836197598244055,7.605813706140389,3.4897391552603936,6.509515959858379,3.4897391552603936,7.3586348080688175,0.0,0.0,0.0,0.0,0.0,0.0,0.0,0.0,0.0,0.0,0.0,0.0,0.0,0.0,0.0,0.0,0.0,3.1204654901133666,0.0
19,0.7741390086461843,1.6119095144302442,0.7771350404294559,0.7971614153533745,0.8218730015478839,1.3573138238805718,0.6804421458534657,0.5291426575167714,1.7048242763443366,0.886118469471396,0.8788808845462522,0.5175413836318599,0.6086217744334492,0.5282528260915282,0.5255757838381755,1.5262786836105349,1.7535657773251747,0.0,0.0,0.0,0.0,0.0,0.0,0.0,0.0,0.0,0.0,0.0,0.0,0.0,0.0,0.0,0.0,0.0,0.9575750862912153,0.0
20,0.16301330859377558,1.005430959926526,0.8316825804378554,0.8480867498019008,0.15584698069230954,1.2055880889404702,1.311954673890574,0.21309547947097032,1.8731942631591267,3.3165387570520473,3.9420481746031597,1.2342308977371736,0.9975162185280219,0.21533883066752316,0.22208934695571175,0.21309547947097032,4.195394303774775,0.0,0.0,0.0,0.0,0.0,0.0,0.0,0.0,0.0,0.0,0.0,0.0,0.0,0.0,0.0,0.0,0.0,1.2908320643354643,0.0
21,0.2410815569819587,1.5092650266149061,1.4993618950584722,0.20186646766137306,1.8310087506095103,2.1743107485665445,2.101123955778664,2.089264444582454,2.1336052225079296,0.749350155625359,1.3773664404772779,4.003651060405426,2.2656352228928816,1.2387503931479042,4.140000214228887,1.2383864988685833,3.2621800388078213,0.0,0.0,0.0,0.0,0.0,0.0,0.0,0.0,0.0,0.0,0.0,0.0,0.0,0.0,0.0,0.0,0.0,1.8856592995774093,0.0
22,1.77781058086427,0.9124023522935663,0.7697160819644333,2.605997908703873,1.3570412356834725,0.5624218183150609,1.7491171892663637,1.6460482551035365,1.0173750846878342,4.07747785831407,4.084968380030111,3.6255226900273274,2.8012402789620094,0.7875071092246969,5.443963381786906,1.5510381882420434,1.2862839838953397,0.0,0.0,0.0,0.0,0.0,0.0,0.0,0.0,0.0,0.0,0.0,0.0,0.0,0.0,0.0,0.0,0.0,2.120937198668525,0.0
23,0.7580090550830468,2.431643941984251,0.5567519770893015,1.6712624454978338,0.735785039964741,2.6957083909343704,0.5481782812768407,2.5408407147736822,0.5866435257747505,2.049238042580629,2.5852882443656586,3.0073505319709852,2.9183205339200655,2.983323372904844,2.544066327059898,2.750267987130967,2.5850288532970636,0.0,0.0,0.0,0.0,0.0,0.0,0.0,0.0,0.0,0.0,0.0,0.0,0.0,0.0,0.0,0.0,0.0,1.996923956800525,0.0
24,0.810518022104126,1.3752137452851327,0.8777700015156624,0.5654064604620211,1.4841602694213705,1.6329997443850868,1.5403579116965946,3.9302786206063645,0.6370767193400225,1.3678728569910228,4.458762180292323,3.929485571842805,3.6900927253403655,3.6880185796114198,3.930062983302437,3.9302786206063645,5.318896358838361,0.0,0.0,0.0,0.0,0.0,0.0,0.0,0.0,0.0,0.0,0.0,0.0,0.0,0.0,0.0,0.0,0.0,2.5392500806847926,0.0
25,1.1755008407694132,1.1760608723375783,1.1711458039781073,2.099445841015113,0.3889146124251125,0.4643699042566437,1.3030219304023005,0.4630866264497418,0.8611274171014756,1.3565784709796156,1.355576037635909,0.4364452556235457,4.6521980147613045,0.4606520533680438,0.4557788178383429,0.4630866264497418,1.355576037635909,0.0,0.0,0.0,0.0,0.0,0.0,0.0,0.0,0.0,0.0,0.0,0.0,0.0,0.0,0.0,0.0,0.0,1.1552097154722294,0.0
26,1.1775184378231098,2.045400211171633,1.5228169425209546,1.267967612029117,1.031543067725418,0.20597966987343863,1.1762608713486031,6.006997718238687,1.0278656952888159,2.148164368859355,2.2590221617900985,6.00766946685662,9.778113840640215,5.888366763749311,8.979109798493939,5.888356010227629,11.094751099639604,0.0,0.0,0.0,0.0,0.0,0.0,0.0,0.0,0.0,0.0,0.0,0.0,0.0,0.0,0.0,0.0,0.0,3.9709355138986204,0.0
27,1.363775670877384,1.1305655994900075,1.365618337446116,1.1913296299670406,1.1169964397304124,2.9038055752898404,1.2056902470913144,3.5394512681000516,0.942342447246539,0.777314145396665,0.2596583700683452,4.145536058309527,5.177117555173555,3.0390214394005683,7.77999062676599,3.039038531454738,13.546921328077797,0.0,0.0,0.0,0.0,0.0,0.0,0.0,0.0,0.0,0.0,0.0,0.0,0.0,0.0,0.0,0.0,0.0,3.089657251169758,0.0
28,0.6886564224424989,1.6173751499459548,0.6981481200740397,0.8289042882352295,1.648972811097421,0.5381652043786754,1.5794373950178742,0.8848872646197075,0.5955741830715946,2.646444343469997,2.648147117196592,1.2367960513669234,0.6636015275538606,0.4546223924827949,0.45192939182675534,1.8255302403721234,1.8897545375812008,0.0,0.0,0.0,0.0,0.0,0.0,0.0,0.0,0.0,0.0,0.0,0.0,0.0,0.0,0.0,0.0,0.0,1.2292321435725437,0.0
29,0.8887909744240811,0.8906816116661803,1.1026076718050968,1.0952473791915331,0.8549691770843864,1.1641823813943923,1.2229314626111263,2.043863073009979,1.2417205328880243,0.3451676546383829,1.6584300105477492,2.5711751551159634,3.4108505181358972,2.043489648702215,2.5787638149157814,2.044614045603083,1.339863299159944,0.0,0.0,0.0,0.0,0.0,0.0,0.0,0.0,0.0,0.0,0.0,0.0,0.0,0.0,0.0,0.0,0.0,1.5586675535819892,0.0
30,2.4748449517451205,4.509713919991066,3.8255845769816705,1.6194544041529835,0.750531446685149,3.1165761356416364,0.7786950343997917,2.5319758792064744,1.3663991379409632,1.540084010039313,1.537151299157698,4.022142657537695,5.996493182115429,2.1321908801235248,7.811613966769948,2.6024216818685617,2.529135215041056,0.0,0.0,0.0,0.0,0.0,0.0,0.0,0.0,0.0,0.0,0.0,0.0,0.0,0.0,0.0,0.0,0.0,2.890882845846946,0.0
31,1.3985726012203612,1.3754444393778678,2.2500800729657855,2.0082301714886035,1.3761494728957995,3.214389474101962,1.1949959940523973,4.687302553524828,1.1186493242282152,0.7984736910734272,2.7268160498281957,44.546934931547355,6.2799315295183415,2.7950880100331905,7.8597266830577155,3.45063924970948,1.067165202743954,0.0,0.0,0.0,0.0,0.0,0.0,0.0,0.0,0.0,0.0,0.0,0.0,0.0,0.0,0.0,0.0,0.0,5.185211144198087,0.0
32,0.6038949250575704,0.46983937651797286,0.602692092193406,1.8785427571779676,0.6072480704446175,1.7386407222810052,1.742963006809169,6.7202973005253845,1.8174820439978179,1.9074932573495704,0.9995674792179271,44.41239756382277,0.6450527512531239,0.5287966742827728,0.6405119601762331,1.4651205184461424,1.8672210550092585,0.0,0.0,0.0,0.0,0.0,0.0,0.0,0.0,0.0,0.0,0.0,0.0,0.0,0.0,0.0,0.0,0.0,4.03810362085663,0.0
33,1.3264585257707424,0.8757038094831694,1.330643854796348,0.14828770382285208,0.9592312378345931,1.167203472201036,0.19243752541457482,1.576778405529601,1.4038443708421824,0.09686071643634664,1.3904023971974304,45.84882421325395,1.342798698274383,2.2707408967921445,1.5760790905858542,2.2710985843088167,0.09686071643634664,0.0,0.0,0.0,0.0,0.0,0.0,0.0,0.0,0.0,0.0,0.0,0.0,0.0,0.0,0.0,0.0,0.0,3.7573090717047277,0.0
34,2.266855941773989,1.0244991955324911,4.003891712400748,0.1392860152977149,0.9565607164692507,0.30915105156032996,1.2454400770539622,0.7506620929696969,1.650285741475417,1.9954041213214935,0.465435665557355,1.053739073637785,1.2372161101337016,0.9480939647920213,2.4291257914750854,0.7488232902626113,1.082390505341483,0.0,0.0,0.0,0.0,0.0,0.0,0.0,0.0,0.0,0.0,0.0,0.0,0.0,0.0,0.0,0.0,0.0,1.3121682980620668,0.0
35,1.5888598118934998,2.335162374262534,1.9748336102260253,1.5318988093701902,1.1864096445934487,0.9678851299184169,0.7360080382483796,4.443209695181358,1.9549717493109093,1.9300723570471319,1.1976980959763677,3.2354010383397163,2.8157630683995025,3.1499815917435128,3.2967745764025893,2.67850273862039,3.016870539314018,0.0,0.0,0.0,0.0,0.0,0.0,0.0,0.0,0.0,0.0,0.0,0.0,0.0,0.0,0.0,0.0,0.0,2.237664874638117,0.0
36,1.8129163319915098,0.4403982072589306,1.8165223956307877,0.3806553826956034,1.2075757377485554,1.226995639666375,1.1348988993147981,5.9252652621525215,2.4843185515577315,1.5913685623912714,2.8901231567330785,45.70085560970305,2.33116267632948,2.92525815891299,7.76535980615558,2.0306653380883004,5.656183838956464,0.0,0.0,0.0,0.0,0.0,0.0,0.0,0.0,0.0,0.0,0.0,0.0,0.0,0.0,0.0,0.0,0.0,5.136501385605119,0.0
37,0.9808417091837757,1.9169663543753248,1.0009819928463897,1.191712288557026,0.5199778820538657,0.4768131115152501,0.5435473762418688,6.333409660355006,5.370069948177845,2.397355998252063,2.4003038975111313,0.5705133963647596,0.6323579449662199,1.4955050784712889,8.430642046899695,0.5773577809181492,6.613703888846012,0.0,0.0,0.0,0.0,0.0,0.0,0.0,0.0,0.0,0.0,0.0,0.0,0.0,0.0,0.0,0.0,0.0,2.438356491502098,0.0
38,1.1270540719721338,0.5099351161438409,1.1268412457636419,2.4409597546583903,0.4316841836161556,1.2675189100300102,1.0202890915772262,1.0815833900348906,2.3576092425326194,2.786078568287592,2.7829681238713246,44.84587703905185,3.565411410295328,1.9253795231034774,2.1300432424984224,2.1313718658942507,1.2587999328790556,0.0,0.0,0.0,0.0,0.0,0.0,0.0,0.0,0.0,0.0,0.0,0.0,0.0,0.0,0.0,0.0,0.0,4.281729688953541,0.0
39,0.8489187827952338,1.5862337917493168,0.4739275538762929,2.7731282010199427,0.46942516599916173,2.396825442657043,0.8575143510320773,4.9570140908369735,0.48082641749891875,0.49035234766523655,1.8349645647990882,44.62761383862298,5.606329317069047,3.245427388966854,3.2454074063807554,3.2797613398973695,1.596692888762353,0.0,0.0,0.0,0.0,0.0,0.0,0.0,0.0,0.0,0.0,0.0,0.0,0.0,0.0,0.0,0.0,0.0,4.63355075821345,0.0
40,1.1052137492947998,1.0934662477447772,2.31240241095355,1.3574326354396171,1.2996034392058502,2.370043005362471,1.2650434694482848,0.9907921470415694,4.615508626513263,1.0092945735265362,1.0093277658860824,1.9606446097286556,0.30850896998646715,0.31241843092194677,7.050963273053312,0.3123564286041749,3.214549939304993,0.0,0.0,0.0,0.0,0.0,0.0,0.0,0.0,0.0,0.0,0.0,0.0,0.0,0.0,0.0,0.0,0.0,1.858092336589197,0.0
41,1.2818541139306134,2.4143015554978056,1.5293759715343618,1.785225747548888,0.7145757595030573,1.4199040568093322,1.1859621899697514,4.574843928671388,2.030885120606254,2.961725834798339,1.7656805636437112,43.41273753989139,5.510678494768286,4.712322945080793,104.04662248850521,4.711781318560007,3.91029659695591,0.0,0.0,0.0,0.0,0.0,0.0,0.0,0.0,0.0,0.0,0.0,0.0,0.0,0.0,0.0,0.0,0.0,11.056986719192652,0.0
42,0.7125817503822929,0.4152999876780391,1.413789752561445,1.810751607195927,0.7017812971068149,0.42339544057687273,1.0236097293954014,0.6611204843924777,0.7304180358427832,1.021635751489643,1.7637066169874183,5.947891115743787,6.373469188813908,5.8273078829126925,95.1859550202185,5.827347600859327,2.752324653120315,0.0,0.0,0.0,0.0,0.0,0.0,0.0,0.0,0.0,0.0,0.0,0.0,0.0,0.0,0.0,0.0,0.0,7.799552112663393,0.0
43,0.7475301624166978,1.3315864713647378,0.7448885261830229,2.5373766186311233,0.7634374353267008,1.4142396515461668,0.23941111421691405,0.860473662712063,0.233736202810059,0.27864654728836624,1.6367023041743625,46.92124588490603,5.89427558865962,5.152225837061428,5.454014813503598,5.152195279830607,1.6367023041743625,0.0,0.0,0.0,0.0,0.0,0.0,0.0,0.0,0.0,0.0,0.0,0.0,0.0,0.0,0.0,0.0,0.0,4.764628729694462,0.0
44,0.663532005389094,1.8475506332214269,1.0605134393682003,3.2369013305333363,0.6486838482139734,0.864742413029142,0.7246324331157076,0.7114666529076984,2.378594439772508,0.25562591129655854,1.1224130226908933,50.90734354427214,8.763821136458782,7.602253286950927,97.51853610512185,7.602496556410211,6.3244761459110075,0.0,0.0,0.0,0.0,0.0,0.0,0.0,0.0,0.0,0.0,0.0,0.0,0.0,0.0,0.0,0.0,0.0,11.307857817921379,0.0
45,0.7518735137510157,0.6486133368359371,0.6915383350828923,1.5859183616919221,1.5415561355918987,0.5929475849886571,0.5726850074700607,3.858871265111877,0.7035066252765043,1.6964599274058019,0.8548692619214143,3.18874693045729,3.181207369843005,3.502182632768403,95.3058597675755,3.1936379737404295,2.4368421214403497,0.0,0.0,0.0,0.0,0.0,0.0,0.0,0.0,0.0,0.0,0.0,0.0,0.0,0.0,0.0,0.0,0.0,7.312195067703114,0.0
46,1.1311802179367894,0.631550338329615,1.9341691976854514,1.1740954016916318,1.1495217794028794,1.1913476517456607,1.0213295908663313,1.7279993356389691,1.2795797726825038,2.0066910851542463,1.3240595582494061,48.98596987414213,3.284033146096248,2.5071671451094093,2.5080651153897318,1.4455567880209068,1.645346659118268,0.0,0.0,0.0,0.0,0.0,0.0,0.0,0.0,0.0,0.0,0.0,0.0,0.0,0.0,0.0,0.0,0.0,4.408686038662363,0.0
47,0.9486136705691154,1.206222717456548,0.5846418497955407,0.5562697532396605,1.4586908755071937,1.526220249982418,1.5876606358826182,2.513055940600912,2.3859276849723443,1.8852527801680246,2.5170011056234705,2.871753185878363,4.224006502290222,2.8915240591279767,2.5123829400619067,2.513224915062756,3.334412008526646,0.0,0.0,0.0,0.0,0.0,0.0,0.0,0.0,0.0,0.0,0.0,0.0,0.0,0.0,0.0,0.0,0.0,2.0892271102791597,0.0
48,0.48846024570263874,1.4957907075026584,0.49896564190947396,0.5644096600423505,0.43518517346072183,2.0747373803832967,0.2992822124278367,2.9762265040855382,0.6870627482589559,0.58526359209072,1.558990045483766,51.06245173349738,2.977830053209402,3.15363852041901,3.152954770129515,2.97623712322263,1.558990045483766,0.0,0.0,0.0,0.0,0.0,0.0,0.0,0.0,0.0,0.0,0.0,0.0,0.0,0.0,0.0,0.0,0.0,4.502733891606451,0.0
49,0.5158491199023231,1.1749390330478449,1.0461237290330136,0.5287226737466855,1.7313056229093773,0.5892360966559211,0.9136731530256413,0.7698120233767353,1.8806099505934015,1.4363262023606866,1.4363672961261744,49.39590134909995,1.6003198228603384,1.5549053369635586,0.7709447195537877,0.7694366230564905,1.7596996694714808,0.0,0.0,0.0,0.0,0.0,0.0,0.0,0.0,0.0,0.0,0.0,0.0,0.0,0.0,0.0,0.0,0.0,3.9925983777519654,0.0
50,1.3048792997386676,0.408296183266784,0.3991676596627017,0.37966797070123265,0.37207659174158636,0.31836145027704127,0.3168719379882087,0.29082597973366575,0.33335905834175805,0.9822689372776212,0.9840337114593536,1.288254740892231,2.7107049614858063,1.7082507883423392,1.287690373508448,0.29078053503179846,0.9822689372776212,0.0,0.0,0.0,0.0,0.0,0.0,0.0,0.0,0.0,0.0,0.0,0.0,0.0,0.0,0.0,0.0,0.0,0.8445740656898155,0.0
51,0.8624815953794442,2.187534403384078,1.2009413342143027,0.27795083174292096,1.1973475299921474,1.4249953524934382,0.31399976327031187,0.2485586602127174,0.7066873592028609,1.9376355684851203,1.9376499145425925,0.23931585746362244,0.306600065722793,0.2485586602127174,99.57852790524572,0.2491493752799433,1.9376355684851203,0.0,0.0,0.0,0.0,0.0,0.0,0.0,0.0,0.0,0.0,0.0,0.0,0.0,0.0,0.0,0.0,0.0,6.756209985019403,0.0
52,2.1071003566643327,1.3272614590587148,0.14807785299522105,2.1139568943120133,2.0606908648614124,0.8567733381137159,0.8766733703826338,5.360035875630681,1.1177791258745362,1.046761805994418,2.2885400111509027,5.405667605841528,9.740308840529913,5.803543207224739,5.666560096248466,5.359990002283852,1.046761805994418,0.0,0.0,0.0,0.0,0.0,0.0,0.0,0.0,0.0,0.0,0.0,0.0,0.0,0.0,0.0,0.0,0.0,3.0780283831271467,0.0
53,0.8121101913008251,1.8024079424837731,0.24624607598166365,2.0028861531573123,0.25459817818570124,1.1957440940394681,0.819537660394813,6.202432661690912,1.449160910972673,3.5947527710897846,2.867565192843118,6.248483312859721,6.974426273069899,6.5802909547637745,6.313511208017292,6.202428774966429,3.5947527710897846,0.0,0.0,0.0,0.0,0.0,0.0,0.0,0.0,0.0,0.0,0.0,0.0,0.0,0.0,0.0,0.0,0.0,3.3624314780533497,0.0
54,1.0581779175995594,1.5249186785224915,0.36975643126228885,1.2729090476492548,0.6765461590034586,1.3050074720563072,1.7575226216909838,0.5723457480204401,1.8798719844877834,0.209483741170184,2.0971756180172996,50.369645809466334,5.304087147204289,0.5122028415774955,100.30668629790605,0.5144283886949617,2.431674582474559,0.0,0.0,0.0,0.0,0.0,0.0,0.0,0.0,0.0,0.0,0.0,0.0,0.0,0.0,0.0,0.0,0.0,10.12720238157669,0.0
55,1.6813531003577957,1.6820521864711215,1.4617577057005016,1.4641068577002434,0.6546202592162403,0.653866187907088,0.651639002672885,0.5222595506874249,1.7271022174893487,1.309630081215969,0.9864745888516245,49.42394560885882,2.4646855134338246,0.5210082925049451,1.6303599742237165,1.4390896361856993,5.401290130289727,0.0,0.0,0.0,0.0,0.0,0.0,0.0,0.0,0.0,0.0,0.0,0.0,0.0,0.0,0.0,0.0,0.0,4.333837699633351,0.0
56,0.3557497557215889,2.3093860764567125,1.8810828714023886,1.6171505184403976,1.2850589557977745,1.255196365770893,1.1595188126260358,5.826534575882087,1.3182709573307128,2.47436163388721,1.3617691724150593,6.086533555469506,6.934645089594554,5.826690993462781,103.03535499603231,6.072935921241016,1.3625229833443617,0.0,0.0,0.0,0.0,0.0,0.0,0.0,0.0,0.0,0.0,0.0,0.0,0.0,0.0,0.0,0.0,0.0,8.833103719698551,0.0
57,1.9739524874628416,2.173787400347461,0.9899029202004018,1.154095887204929,0.3986156305170005,1.0882641289809476,0.3194994099732631,5.301764488309333,0.1573598974559377,2.07329103881271,1.9124412673698639,5.694883705545951,5.239814909729363,5.3025423187484515,101.38556796745952,5.301764488309333,2.0732408691925164,0.0,0.0,0.0,0.0,0.0,0.0,0.0,0.0,0.0,0.0,0.0,0.0,0.0,0.0,0.0,0.0,0.0,8.384752283271755,0.0
58,0.407836153919707,1.8005438446468525,0.7087033037875268,0.3927210867313648,0.7874971091753356,0.3147064115913203,1.2423521355811764,1.3040807282820839,0.8159141337831364,1.3950541196448332,2.4271045143688488,1.3112690468335864,1.2531218196533935,0.32896713842293646,0.3300721690667607,1.3040807282820839,1.3913026343278792,0.0,0.0,0.0,0.0,0.0,0.0,0.0,0.0,0.0,0.0,0.0,0.0,0.0,0.0,0.0,0.0,0.0,1.030313357535225,0.0
59,0.5198076257434877,2.021879954105493,0.5107850602447052,0.43142369480812376,0.5191498491158079,1.372555642670187,0.4747799151928224,0.6636150278173618,1.2390398796015794,2.1291308748362137,0.2998134863366854,0.6846985399690622,0.5149901778254645,0.6636150278173618,0.6671272384762756,0.3695946867969008,1.234488008086413,0.0,0.0,0.0,0.0,0.0,0.0,0.0,0.0,0.0,0.0,0.0,0.0,0.0,0.0,0.0,0.0,0.0,0.8421467464378791,0.0
60,0.5566919746472311,0.4655695459292425,0.4905658988716122,0.4800484605856223,0.4732026541418676,0.24560564661588352,0.8535054165864719,0.13804208515781155,0.7142361075454732,1.5544785576021651,1.5692289134513102,1.0622341045117167,0.8428921458448669,1.07493478254395,102.65005443667816,1.0759964159932331,2.4072772949726384,0.0,0.0,0.0,0.0,0.0,0.0,0.0,0.0,0.0,0.0,0.0,0.0,0.0,0.0,0.0,0.0,0.0,6.862033202451721,0.0
61,0.987518825593941,2.183179567744219,1.4387356842137522,1.0089590585106307,1.2028240750232322,0.4181957974172532,0.4249554884374773,1.3747145480462741,1.1507579989198276,2.8975659954313127,2.046843145064938,2.3455525323809705,0.561868371131769,1.3726291783592761,102.35119529895351,1.3747145480462741,1.187133120362552,0.0,0.0,0.0,0.0,0.0,0.0,0.0,0.0,0.0,0.0,0.0,0.0,0.0,0.0,0.0,0.0,0.0,7.313373131390424,0.0
62,0.21384207260168553,1.015607108476661,0.8073115231651004,2.3561704272144928,1.2202075994147925,1.0283295857635388,1.8000923140103062,1.9299184090572734,2.775113789144404,2.0697880030081506,2.05865601228809,2.8840794423555134,0.8554220589650745,0.9490104695015273,102.71107895596955,0.2703437325842333,1.7898504782330238,0.0,0.0,0.0,0.0,0.0,0.0,0.0,0.0,0.0,0.0,0.0,0.0,0.0,0.0,0.0,0.0,0.0,7.4549895283384355,0.0
63,0.6782444684099657,0.3286212082178837,0.9975609989389337,1.2679464282900623,1.3511453505727844,0.5213518244360537,1.343538030550804,5.418244118464709,3.9363448917372623,1.2654708406972768,0.20089349014555263,5.408420526151933,5.870274361941723,5.407137079869484,5.547201108014196,5.418491021593097,0.19873861582034494,0.0,0.0,0.0,0.0,0.0,0.0,0.0,0.0,0.0,0.0,0.0,0.0,0.0,0.0,0.0,0.0,0.0,2.656448491991298,0.0
64,1.6618822032500102,2.3613362964548097,1.1047230463652158,0.4320226558220468,0.39384061966447864,0.4849631043124369,0.9810064479225553,5.774844650580456,0.270172921031631,1.317197133398443,0.9630344788600458,5.776578342068196,7.219562380126916,5.774965234149579,5.764401953645311,5.774601216968035,1.315353269404325,0.0,0.0,0.0,0.0,0.0,0.0,0.0,0.0,0.0,0.0,0.0,0.0,0.0,0.0,0.0,0.0,0.0,2.7864991737661464,0.0
65,1.5850285588674478,2.3933638785931426,0.8694979182402861,0.8688687655456192,0.2266408054296189,1.0457200902056762,0.7367601456912884,0.9084361067211888,2.000744287491735,3.077969810100392,1.470568380370881,0.6029292465548328,0.5511272010585824,0.594818578542496,1.0242416248751423,0.5930024860074514,1.470568380370881,0.0,0.0,0.0,0.0,0.0,0.0,0.0,0.0,0.0,0.0,0.0,0.0,0.0,0.0,0.0,0.0,0.0,1.1776638979215683,0.0
66,0.35574410130777784,2.8449729871793905,1.9543376392291063,1.6576346826413864,2.1681336514696947,1.1662920883879029,1.0895951985956485,0.30424165821928756,3.4651256580521355,2.378064200143225,3.4910842867283365,2.1640823754520753,2.943941157082522,1.1701300285403937,102.59883417975243,0.8986038909126638,3.883842410471336,0.0,0.0,0.0,0.0,0.0,0.0,0.0,0.0,0.0,0.0,0.0,0.0,0.0,0.0,0.0,0.0,0.0,7.913803540833254,0.0
67,2.5962802659389843,2.6449167062326215,0.5842346363647674,1.5234683613295266,1.5238281376543366,1.5854725029214825,0.8331940547276837,2.32711041909339,2.6436661946274613,1.391916319423754,5.279975996786023,3.283047125132713,1.6104589054056224,0.4352530463374739,1.3366354402466656,1.345827579474554,4.798523468615138,0.0,0.0,0.0,0.0,0.0,0.0,0.0,0.0,0.0,0.0,0.0,0.0,0.0,0.0,0.0,0.0,0.0,2.1025770094301293,0.0
68,1.831191480613139,2.1171204466270543,0.49533480901786486,0.49684722261798,1.4927953287763536,0.5000687497550885,0.4980437975208719,0.5187536612652212,1.1911493649810534,1.4897264420412852,1.0580209854340046,1.5103435190687855,0.5204532813462899,1.4967010942496874,0.5051962520084333,0.5187536612652212,10.570965410593198,0.0,0.0,0.0,0.0,0.0,0.0,0.0,0.0,0.0,0.0,0.0,0.0,0.0,0.0,0.0,0.0,0.0,1.5771450298342078,0.0
69,0.19706001105950033,0.8584290835388493,0.19504496684196646,0.18646515190232504,0.19449189472138143,0.19256789860863005,0.21311039747084054,0.2108263720846135,0.22778348779609447,0.22640296081081482,0.871189465557753,0.2087118298183349,0.22916014827548464,0.2108263720846135,0.21046531609043406,0.2108263720846135,0.2257625917171455,0.0,0.0,0.0,0.0,0.0,0.0,0.0,0.0,0.0,0.0,0.0,0.0,0.0,0.0,0.0,0.0,0.0,0.28641907767431735,0.0
70,2.132980265466561,2.031961739094069,1.2614014616384837,1.2187592717346838,1.5851108770560793,0.23546258051095337,0.2199016996279874,1.6391627705427907,2.6017538063792953,2.017783898186701,3.982403340397089,2.437773119222217,1.2133053852311793,1.5070765225053202,7.970942412123312,1.2177598669715415,5.165765308683329,0.0,0.0,0.0,0.0,0.0,0.0,0.0,0.0,0.0,0.0,0.0,0.0,0.0,0.0,0.0,0.0,0.0,2.26113554855127,0.0
71,1.765530352144428,5.728321629162367,2.7518664645313047,1.1328485962033203,1.115452329349544,2.614723867345067,1.7715932238662455,0.9641046463743767,0.8633313695784556,1.4284635891615118,1.4284635891615118,2.3136018919983448,2.0225888282737716,1.2960416348903612,7.921427301980137,1.295346492543942,12.890470220964582,0.0,0.0,0.0,0.0,0.0,0.0,0.0,0.0,0.0,0.0,0.0,0.0,0.0,0.0,0.0,0.0,0.0,2.9002456486781925,0.0
72,1.0368946540355835,1.388342662745253,2.185391301766199,1.061207442119598,0.06072695163860758,1.064065329426975,0.07942163795294725,1.152236356115364,1.246543012733806,0.966682162969181,0.966682162969181,14.808055867706694,0.06681397383721845,1.1541635571511224,0.17002824558863996,1.847620433766822,6.5809473996977195,0.0,0.0,0.0,0.0,0.0,0.0,0.0,0.0,0.0,0.0,0.0,0.0,0.0,0.0,0.0,0.0,0.0,2.1079895971894653,0.0
73,1.1114849623773297,0.6406148273326172,1.6231159934700168,1.190900637308745,0.4118828427723253,1.8573926780369694,1.1972694230641707,1.2426999441057303,0.43053686335217856,0.3524637287096593,0.3524637287096593,33.10427387256164,0.43610365549564456,1.243559701810439,0.4601043090610772,1.8791770298946595,3.8970589314835475,0.0,0.0,0.0,0.0,0.0,0.0,0.0,0.0,0.0,0.0,0.0,0.0,0.0,0.0,0.0,0.0,0.0,3.025359007620377,0.0
74,1.2976425910097136,0.7138354097708858,1.7298809118288427,0.7848849328944182,0.7915733152239711,1.100902904369736,0.12244793276811713,1.1182955596107182,0.8453763028549659,1.040795140956159,1.2133621357616566,47.76876598391127,1.1122219751566418,1.118385222377307,1.1185649005786404,1.1182955596107182,0.6852674065750013,0.0,0.0,0.0,0.0,0.0,0.0,0.0,0.0,0.0,0.0,0.0,0.0,0.0,0.0,0.0,0.0,0.0,3.745911657956398,0.0
75,2.441133226780697,2.4505816564528624,1.7591593331994317,1.1803996318110828,2.702111194712476,0.8445580861596644,0.914384077228187,0.49067456688276295,2.0379095581532307,0.9869004515315717,0.24981133086428067,0.4738340491044816,0.6477905314842999,1.3461840777989815,1.3418246780880274,0.49067456688276295,0.9913904957906586,0.0,0.0,0.0,0.0,0.0,0.0,0.0,0.0,0.0,0.0,0.0,0.0,0.0,0.0,0.0,0.0,0.0,1.2558424419367915,0.0
76,1.0220573488904905,2.9909242281812607,1.5846564863869104,1.046637567385637,1.0450366420644386,0.30266118587731294,1.5398048919504956,0.34865551971101627,0.8206294935970742,3.2325850040785213,1.034405720534036,0.35739639465323586,1.251495870710894,0.7111280272851788,0.7096438828498831,0.34865551971101627,8.152019880272837,0.0,0.0,0.0,0.0,0.0,0.0,0.0,0.0,0.0,0.0,0.0,0.0,0.0,0.0,0.0,0.0,0.0,1.5587290390670727,0.0
77,0.9736352962827615,1.2381136553109864,0.20171649656156243,1.237315913304134,0.21305059093163398,0.2785298438182828,0.9539783394794981,0.35409772098446385,0.8739288509324363,3.4804830992451175,4.115292267223568,0.36427490992280404,0.2906271578724029,0.7419543665982307,0.7401089873861658,0.7428772030967558,1.0945919688522905,0.0,0.0,0.0,0.0,0.0,0.0,0.0,0.0,0.0,0.0,0.0,0.0,0.0,0.0,0.0,0.0,0.0,1.0526221569295937,0.0
78,0.28798985899618845,2.281293233829614,0.2873881362925137,0.24035691524728972,1.5349184275491485,1.0242092561784184,2.194110544077292,1.042568761517136,0.8005918398009267,1.705802612554443,5.205856432527123,1.0628833185582331,0.9065705578466704,0.054987625097594306,1.045695225468845,1.041005533118697,2.6890860096215925,0.0,0.0,0.0,0.0,0.0,0.0,0.0,0.0,0.0,0.0,0.0,0.0,0.0,0.0,0.0,0.0,0.0,1.3767831934283368,0.0
79,0.957954938500753,0.483751680470818,0.9480912667191455,0.4761899023231575,0.5749608551311454,0.28044692397615023,0.33663284410176725,0.09868266980692952,0.689746119701607,0.6628502699449184,0.6447888614951037,0.08749367328371838,0.18149736417976778,0.09779797789795822,102.63113161080771,0.09956377635954564,2.8965432876237354,0.0,0.0,0.0,0.0,0.0,0.0,0.0,0.0,0.0,0.0,0.0,0.0,0.0,0.0,0.0,0.0,0.0,6.596948471901408,0.0
80,1.089029407926304,1.081287855969881,0.45742933474296454,0.43995874894133874,1.1421820394187159,1.2830581662317082,1.1937402158106536,1.3634878272070885,2.0129134713758,0.9825967643752569,0.7811809218682834,0.7443179710590778,0.5467997805772594,0.4324065873390862,102.381968000918,2.3532031691266315,0.9825967643752569,0.0,0.0,0.0,0.0,0.0,0.0,0.0,0.0,0.0,0.0,0.0,0.0,0.0,0.0,0.0,0.0,0.0,7.015773942780194,0.0
81,2.1888571457318933,3.4032235603949923,1.2033450715958163,0.8635642767162096,1.4682620586768158,1.5793567055752242,1.4788155424756746,0.6860974207635404,0.8731818736167329,1.2910795302605538,0.7787835736351438,1.3323834325678368,0.2027423405276821,0.31894284371204873,0.3202809433286403,1.6860506603600829,2.0475022211888305,0.0,0.0,0.0,0.0,0.0,0.0,0.0,0.0,0.0,0.0,0.0,0.0,0.0,0.0,0.0,0.0,0.0,1.2777923059486895,0.0
82,1.3260502062657087,3.3271555150323175,0.45147868228724314,0.3840186770505634,0.8499133719910369,0.7208820564459885,1.0348414325855557,1.3036187427984522,0.5958016474345023,0.6659764849231291,0.5735564038841979,0.41271078862494853,0.47249040496959016,1.302739987386284,1.3018686559651775,3.2770214579217045,0.8281460671624182,0.0,0.0,0.0,0.0,0.0,0.0,0.0,0.0,0.0,0.0,0.0,0.0,0.0,0.0,0.0,0.0,0.0,1.1075453283958128,0.0
83,0.9836620599964795,4.435535989094574,0.9872560457574892,0.6292546306289215,0.3683514049605553,0.8183348592352792,0.21953634982871384,0.9347844009732015,0.9070792599575938,3.2850438925790275,1.486573889799291,2.06656155212225,1.8976577877182343,1.9298686578837843,101.78467539929913,0.1384908021161551,2.739481891512389,0.0,0.0,0.0,0.0,0.0,0.0,0.0,0.0,0.0,0.0,0.0,0.0,0.0,0.0,0.0,0.0,0.0,7.388949933733122,0.0
84,1.3566049121624595,0.06351794214585099,0.06292653014019031,0.9863819401525591,0.07107642587883818,1.1059810017941716,0.9456609101624849,1.8800978144398945,1.4006651502202303,0.0297415141968711,1.005870723197401,2.1236853490105334,0.9360149329870822,1.8800978144398945,101.73670845769632,0.8842328015680749,1.395634730919617,0.0,0.0,0.0,0.0,0.0,0.0,0.0,0.0,0.0,0.0,0.0,0.0,0.0,0.0,0.0,0.0,0.0,6.93322935006544,0.0
85,1.381640760585815,4.356900633345588,1.4444546881427787,0.587555941584474,0.6304548010459609,1.6193297869597196,0.836642790555667,1.779373589447488,3.5388983837197254,2.7624785390422026,2.0549209509357707,1.6140572861437965,0.9277958508250749,1.779373589447488,0.921270171853139,1.0048067279108777,2.3098536604390345,0.0,0.0,0.0,0.0,0.0,0.0,0.0,0.0,0.0,0.0,0.0,0.0,0.0,0.0,0.0,0.0,0.0,1.7382240089402707,0.0
86,0.6541242060283015,0.651596510317758,1.3416119620566682,1.1095754345437125,0.341431970034636,0.3828410344321443,0.33628420799184244,1.3322801280771925,3.4130483764756403,0.9316705289325932,1.6791599971704487,1.3405955985715792,1.6531085105688361,1.3322801280771925,1.3337318429791154,1.331339016526739,0.7525950284053371,0.0,0.0,0.0,0.0,0.0,0.0,0.0,0.0,0.0,0.0,0.0,0.0,0.0,0.0,0.0,0.0,0.0,1.1716043812464552,0.0
87,1.0480508397077484,1.2383629061410797,2.778030788206145,1.3785624962292111,2.3324640821379785,0.6135445095427422,1.0085031464502712,0.6544204965212639,1.7395771977396486,3.8840044585110314,3.931931729178357,5.525544059262624,0.8986501032718923,1.5766289859614802,7.492035900830815,2.5535245169070007,4.55018067587858,0.0,0.0,0.0,0.0,0.0,0.0,0.0,0.0,0.0,0.0,0.0,0.0,0.0,0.0,0.0,0.0,0.0,2.541412758381051,0.0
88,1.8238873543852643,1.0356907474804922,1.4872271318121222,0.5281300144726363,2.5065579119482218,1.2122468648228357,2.636611263768717,5.3674430176037635,1.0515543285699973,0.4648419107673226,1.7103590288275066,45.282571016007225,0.8126234347088593,1.5740147205802024,10.423549789373627,3.492211198332989,3.929053303544317,0.0,0.0,0.0,0.0,0.0,0.0,0.0,0.0,0.0,0.0,0.0,0.0,0.0,0.0,0.0,0.0,0.0,5.01991606100036,0.0
89,1.0315501403279417,0.06288225700627968,2.0322278378413663,0.07519172220204844,0.9424764707700081,0.10258618503852192,0.9569121803687264,0.16690697154872275,0.990733570097046,0.05795129439365516,0.05639744681408213,51.92810312888362,0.9597136357463284,0.1735687255859375,97.60732227748892,0.17239488738761832,0.060734889536518906,0.0,0.0,0.0,0.0,0.0,0.0,0.0,0.0,0.0,0.0,0.0,0.0,0.0,0.0,0.0,0.0,0.0,9.257509036531609,0.0
90,1.0252008217031106,1.5431394928647202,1.0089865319116442,0.7830267332090869,1.0154118061967623,0.70387771635407,1.2088375027375458,0.4170720430982062,2.496634984699855,2.9979714451012103,3.2893950077722276,9.913665924564997,1.0827089457137502,1.0282542098998242,1.0926582409511763,1.1383804724454598,2.085465132668899,0.0,0.0,0.0,0.0,0.0,0.0,0.0,0.0,0.0,0.0,0.0,0.0,0.0,0.0,0.0,0.0,0.0,1.931216883052503,0.0
91,0.8784026503552553,1.6785710278832893,0.5205321999574862,0.4694576534615287,0.7793110397507758,0.611615273682301,0.6969114301884751,5.434555284488127,2.9759673280116394,3.644945680850022,0.7000334342158141,0.5568634612474804,0.8474276885224665,0.5615843648612946,101.61917234081682,0.5622099569038149,3.0570004664618518,0.0,0.0,0.0,0.0,0.0,0.0,0.0,0.0,0.0,0.0,0.0,0.0,0.0,0.0,0.0,0.0,0.0,7.3879153695093205,0.0
92,0.4693027369205499,0.6190729217504909,0.47246918469035976,0.5876628808466731,0.5949655445737742,0.7501271152637079,0.5711017841685261,0.6171390603185223,1.1886900333546353,0.8919660120030833,3.2176560796662423,9.401798661795135,0.37837681977290394,0.5475039460884927,104.16577007747274,0.55054183247437,1.6087496382906545,0.0,0.0,0.0,0.0,0.0,0.0,0.0,0.0,0.0,0.0,0.0,0.0,0.0,0.0,0.0,0.0,0.0,7.448993784085345,0.0
93,1.1985315360051743,0.7064605706777037,0.3464662711819009,0.34067823801662417,1.3007446421422546,0.38246565093102086,1.0321934149056475,1.1347553036291356,0.6894981767034892,1.7997335603214795,2.37046359120857,0.5348841881004774,0.5511571849501692,0.5339765208115982,0.9911515791271757,0.5339687506717217,1.7997335603214795,0.0,0.0,0.0,0.0,0.0,0.0,0.0,0.0,0.0,0.0,0.0,0.0,0.0,0.0,0.0,0.0,0.0,0.9556978082179777,0.0
94,0.8121391816836739,0.8215721377630975,0.18098296359475244,0.20046199214189864,0.20345519181293675,0.7478150943652517,0.24883234695673484,1.019337784769497,0.23185150299909588,0.16931865762368206,1.0090891105022266,0.3313436204692327,1.07090288085127,0.331084319792211,0.3299375113224209,0.33107054098887867,0.8260575214226796,0.0,0.0,0.0,0.0,0.0,0.0,0.0,0.0,0.0,0.0,0.0,0.0,0.0,0.0,0.0,0.0,0.0,0.5214854328858552,0.0
95,1.4043783283121256,1.5529589712505012,0.8834874413308431,2.377956607412142,1.474500747573276,1.4512482467762207,0.8186827252102005,6.206822287869602,3.9580685345344695,2.512419130261676,2.909975708661255,2.411068276104351,3.762128921727744,2.4261545536729314,2.515195177880385,0.9414558746598548,1.5090182220629993,0.0,0.0,0.0,0.0,0.0,0.0,0.0,0.0,0.0,0.0,0.0,0.0,0.0,0.0,0.0,0.0,0.0,2.300912926782387,0.0
96,0.758169950357229,0.618179327126972,0.7532482462863214,0.6220779332861166,0.5815797577651093,0.5379528534564428,0.591037296812106,1.1463155853724607,0.8401724323291803,0.5731691684796397,1.6596217217754006,0.5344318114390636,1.5309742454521689,0.5230877229942136,0.4563878703709932,0.4769573972548371,0.7436227706481744,0.0,0.0,0.0,0.0,0.0,0.0,0.0,0.0,0.0,0.0,0.0,0.0,0.0,0.0,0.0,0.0,0.0,0.76158741712979,0.0
97,0.7271166959954437,0.8976722813223448,0.5225682914816394,1.4698122706880306,0.8303482072081554,0.6662459662096254,0.8377341880791905,0.5480855452843048,1.2511832279082677,3.8604664008634475,1.1356059014772397,0.5101965779772119,0.5749144939297277,0.5398526019094008,0.7529076466012248,0.7635509917862139,0.659308922823526,0.0,0.0,0.0,0.0,0.0,0.0,0.0,0.0,0.0,0.0,0.0,0.0,0.0,0.0,0.0,0.0,0.0,0.9733864830320584,0.0
98,1.638187838021592,0.9707604991912165,1.6372905164567757,1.4230679561510058,0.6457637687081674,0.7150436572381439,1.0588783793396743,0.4420102353257797,0.3485387500258077,1.7494658100280873,0.4432219334812766,8.406858998206602,0.2902531447861678,8.58493706913905,108.50925612627454,9.583981223909502,2.535638949882367,0.0,0.0,0.0,0.0,0.0,0.0,0.0,0.0,0.0,0.0,0.0,0.0,0.0,0.0,0.0,0.0,0.0,8.763714991539162,0.0
99,0.8749407191769563,0.8870470779852823,0.8824901965657337,0.1712417696015714,0.19478131078094008,0.7636448155362835,0.27356207683458383,5.716657612870194,2.149428980291144,0.2823869849849373,0.9149415729877598,1.0551131654713086,1.1688742501505662,1.0551131654713086,1.0551131654713086,7.98165746178422,0.2823869849849373,0.0,0.0,0.0,0.0,0.0,0.0,0.0,0.0,0.0,0.0,0.0,0.0,0.0,0.0,0.0,0.0,0.0,1.5123165477028846,0.0
100,0.10422854079107986,1.0450789143081394,0.9541494022031131,2.324776207276348,1.0943468666681941,0.13636428253946012,0.12192757844790451,6.098253287275578,2.1983155154538974,1.9226324323359534,2.185697945607723,3.9673731198536,0.8808538686237652,8.893813229491494,108.47559614480956,2.073057811227895,1.9226324323359534,0.0,0.0,0.0,0.0,0.0,0.0,0.0,0.0,0.0,0.0,0.0,0.0,0.0,0.0,0.0,0.0,0.0,8.494064563485274,0.0
101,0.8988461978856114,0.8946812018069277,1.974355828744073,2.288667490310171,1.8627749497178332,0.5346094199570388,0.9375885171626624,0.895433534654668,1.4885983116854398,3.6180691074753777,2.428491737866208,3.2409196767596464,0.9010316719229423,8.203685060750956,107.81417403703801,10.19378692713575,2.4265427522066263,0.0,0.0,0.0,0.0,0.0,0.0,0.0,0.0,0.0,0.0,0.0,0.0,0.0,0.0,0.0,0.0,0.0,8.858956260181174,0.0
102,0.4479128624071612,1.3529949587887264,1.8719965642756282,1.377361043068507,0.6719294743577539,0.3832381510135599,0.3705648794551394,1.2536681108228938,1.379610663588565,0.6267711943261469,0.4457082464356852,1.2539662067773545,0.28928871300435743,1.2539662067773545,1.2539662067773545,6.735122997447105,2.28168451388508,0.0,0.0,0.0,0.0,0.0,0.0,0.0,0.0,0.0,0.0,0.0,0.0,0.0,0.0,0.0,0.0,0.0,1.3676324113651983,0.0
103,0.8947665876668504,0.577993343972677,1.659141420473317,1.37339235889763,1.539479289480448,0.33674167847967706,0.9665803094781226,0.8239513512966987,0.8082447787636886,2.2285658090514424,0.25145343099546724,45.20863317778552,3.082769404187186,9.348877281521013,109.18517822321513,3.672208755243731,2.2325885226497384,0.0,0.0,0.0,0.0,0.0,0.0,0.0,0.0,0.0,0.0,0.0,0.0,0.0,0.0,0.0,0.0,0.0,10.834739160185785,0.0
104,1.1052831201799946,1.3437566806417836,0.337932934844246,0.4532305352040487,0.6722835342497598,0.54746950891042,1.5019368147863554,0.8786293738412934,0.21314102777586763,0.14711183175474446,0.14859412190368715,0.5925449755134261,0.3986912584283512,0.5062300116959779,0.7522677718489048,0.602434983849592,0.14690349561933919,0.0,0.0,0.0,0.0,0.0,0.0,0.0,0.0,0.0,0.0,0.0,0.0,0.0,0.0,0.0,0.0,0.0,0.6087318812381054,0.0
105,1.7246591815049035,2.405428761088075,0.41627345272394084,1.3213500430321945,1.8618417724415308,0.7228440925000353,2.3157543146768287,1.2027905314169247,0.795486683029888,2.3119923883856606,1.7924294992021972,40.08975929783407,3.684131737791465,2.056908991144638,2.4000052708938737,1.704604447337628,1.792066467575052,0.0,0.0,0.0,0.0,0.0,0.0,0.0,0.0,0.0,0.0,0.0,0.0,0.0,0.0,0.0,0.0,0.0,4.035195701916406,0.0
106,0.05163953194565138,0.0716158240022985,0.07190851670433139,0.8111107395993633,0.12203399308634708,0.3387946916509991,0.20454993234241706,0.540629402465549,2.435154563775028,1.5472973541554709,0.22113456427283432,1.728189268341088,0.4679229067974228,0.5619174673589203,1.0529348144112776,0.5558986966656763,1.2202308859997508,0.0,0.0,0.0,0.0,0.0,0.0,0.0,0.0,0.0,0.0,0.0,0.0,0.0,0.0,0.0,0.0,0.0,0.7060566560926133,0.0
107,1.4185206999745479,2.252707812429818,0.7467198126631913,0.42260615967331217,0.4158273806745056,0.8223900378415975,1.3004425142250964,0.8227861361671311,1.6114916375310682,0.3181723517222986,1.1011121265722346,10.306080153094577,1.312800496920529,0.8145346353829456,0.4832639682987837,2.3379890175999045,0.3200907652088323,0.0,0.0,0.0,0.0,0.0,0.0,0.0,0.0,0.0,0.0,0.0,0.0,0.0,0.0,0.0,0.0,0.0,1.576913865057669,0.0
108,0.5421184223103566,0.4492446448803031,0.5522896237676125,0.5238884757466533,0.5247801261381665,0.6546181318890966,0.6374963812281241,0.2687449132672179,1.880963691314719,0.5659602510345905,1.0647418184335824,0.2659508620703137,0.18758473182988375,0.8108160038904934,105.72352571768367,0.8119092831942413,1.0624645239338897,0.0,0.0,0.0,0.0,0.0,0.0,0.0,0.0,0.0,0.0,0.0,0.0,0.0,0.0,0.0,0.0,0.0,6.854535153094877,0.0
109,0.6591035954390865,0.6788945344242209,0.6695960729014552,0.5632610074028894,0.8118385404747448,0.6701798956984895,0.5473045109990939,0.5666041520210595,0.5142139950483586,0.38906528288363507,0.3912200401035626,0.574746525338428,0.44202716823190397,0.6318527596506471,106.53670452108011,0.6333559904835061,0.3886487028538355,0.0,0.0,0.0,0.0,0.0,0.0,0.0,0.0,0.0,0.0,0.0,0.0,0.0,0.0,0.0,0.0,0.0,6.80403631147265,0.0
110,0.9364964073047352,1.9210737233991302,0.768676077503317,0.2653209953027772,1.1148005074420047,1.2627241420340438,0.9536689404145349,1.113191850763001,0.3158134633249306,1.1522949061154701,0.8870367707947437,9.960919057850035,1.153962166663982,1.1160767751043057,2.1299109341191693,1.9894230216535498,0.2693085860769214,0.0,0.0,0.0,0.0,0.0,0.0,0.0,0.0,0.0,0.0,0.0,0.0,0.0,0.0,0.0,0.0,0.0,1.6065116662274501,0.0
111,1.0984356997941163,2.51303630002192,0.48862525319845646,0.3691998212266866,0.5349133649068746,0.30157006273088593,0.9522509436571388,0.8767171735933471,1.2406161374970948,2.0632184480473317,0.14142474282774722,170.9252462947634,197.2678237396552,0.44443232779845404,205.76787212195455,171.32408291758892,223.26841137764055,0.0,0.0,0.0,0.0,0.0,0.0,0.0,0.0,0.0,0.0,0.0,0.0,0.0,0.0,0.0,0.0,0.0,57.62222804275898,0.0
